$SPEC_ID:
No sample description was entered.
$SPEC_REM:
DET# 1
DETDESC# PHYSPRAK3 926
AP# Maestro Version 7.01
$DATE_MEA:
01/05/2026 13:00:17
$MEAS_TIM:
175057 175057
$DATA:
0 511
       0
       0
       0
       3
      33
      22
      25
      28
      25
      26
      18
      28
      24
      33
      13
      20
      29
      17
      20
      16
      40
      24
      26
      41
      47
      39
      28
      21
      24
      15
      29
      23
      20
      19
      13
      16
      15
      18
      17
      19
      25
      17
      17
      18
      23
      15
      21
      14
      14
      11
      17
      15
      14
      16
      14
      15
      11
      19
      12
       8
      10
       8
      15
      14
      20
       9
      14
      15
      15
      20
      10
      17
      19
      17
       9
       7
      10
      19
      13
      11
      12
       6
      12
      11
       9
       9
       9
       9
      10
      13
       6
      16
       9
       8
      11
      12
      11
      14
      12
       5
       9
       6
       8
       5
       7
       8
      15
      11
      14
       6
      13
       8
       5
       9
       4
       4
       4
      10
       2
      10
       6
       7
      10
       5
       9
       1
       9
      11
       6
      11
       8
       9
       3
       1
       4
      10
       8
       5
       5
       5
       9
       9
       5
       5
       5
       7
       4
       8
       7
       9
       9
       5
       2
       9
       4
       1
       7
       2
       2
       7
       2
       5
      11
       6
       7
       3
       9
       2
       3
       3
       2
       6
       4
       1
       3
       4
       5
       3
       0
       4
       2
       2
       1
       6
       4
       4
       6
       2
       0
       5
       2
       5
       3
       3
       3
       4
       3
       5
       4
       4
       3
       2
       2
       5
       3
       4
       2
       6
       2
       5
       1
       3
       1
       3
       5
       3
       1
       3
       3
       4
       3
       1
       6
       2
       6
       3
       4
       4
       1
       2
       3
       4
       4
       3
       0
       1
       3
       2
       5
       2
       0
       1
       6
       3
       4
       1
       2
       0
       3
       2
       2
       0
       3
       1
       2
       2
       1
       1
       3
       2
       3
       3
       0
       0
       3
       2
       2
       0
       0
       2
       3
       2
       0
       5
       3
       4
       4
       0
       1
       2
       2
       2
       3
       2
       0
       1
       2
       1
       0
       1
       0
       2
       2
       4
       1
       5
       2
       2
       1
       1
       0
       1
       4
       0
       0
       0
       4
       0
       1
       2
       3
       2
       0
       1
       0
       0
       3
       2
       1
       0
       1
       0
       1
       2
       2
       0
       0
       0
       2
       1
       1
       1
       2
       2
       1
       2
       2
       0
       0
       2
       0
       2
       0
       0
       2
       1
       4
       0
       2
       1
       0
       2
       0
       0
       2
       0
       3
       1
       2
       0
       2
       2
       1
       0
       0
       1
       0
       0
       1
       3
       0
       1
       0
       0
       0
       0
       3
       0
       0
       0
       0
       1
       1
       2
       0
       1
       1
       1
       2
       0
       0
       1
       2
       0
       1
       1
       3
       1
       0
       0
       0
       0
       0
       0
       0
       0
       0
       0
       0
       0
       0
       0
       0
       0
       0
       0
       0
       0
       0
       0
       0
       0
       0
       0
       0
       0
       0
       0
       0
       0
       0
       0
       0
       0
       0
       0
       0
       0
       0
       0
       0
       0
       0
       0
       0
       0
       0
       0
       0
       0
       0
       0
       0
       0
       0
       0
       0
       0
       0
       0
       0
       0
       0
       0
       0
       0
       0
       0
       0
       0
       0
       0
       0
       0
       0
       0
       0
       0
       0
       0
       0
       0
       0
       0
       0
       0
       0
       0
       0
       0
       0
       0
       0
       0
       0
       0
       0
       0
       0
       0
       0
       0
       0
       0
       0
       0
       0
       0
       0
       0
       0
       0
$ROI:
1
10 32
$PRESETS:
None
0
0
$ENER_FIT:
0.000000 0.000000
$MCA_CAL:
3
0.000000E+000 0.000000E+000 0.000000E+000 
$SHAPE_CAL:
3
0.000000E+000 0.000000E+000 0.000000E+000
