       0
       0
       0
       0
       0
       0
       0
       0
       0
       0
       0
       0
       0
       0
       0
       0
       0
       0
       0
       0
       0
       0
       0
       0
       0
       0
       0
       0
       0
       0
       0
       0
       0
       0
       0
       0
       0
       0
       0
       0
       0
       0
       0
       0
       0
       0
       1
       0
       3
       0
       4
       9
      16
      35
     105
     168
     262
     292
     323
     335
     332
     303
     301
     278
     290
     329
     290
     278
     256
     282
     265
     264
     262
     290
     251
     264
     263
     255
     257
     280
     263
     242
     215
     240
     233
     230
     233
     209
     240
     223
     204
     207
     211
     222
     232
     216
     196
     181
     200
     208
     185
     172
     165
     173
     194
     195
     185
     207
     191
     205
     189
     190
     205
     205
     166
     187
     196
     154
     201
     185
     190
     151
     186
     148
     150
     194
     149
     177
     154
     149
     153
     142
     187
     182
     155
     140
     147
     148
     150
     167
     131
     158
     136
     171
     154
     131
     156
     153
     159
     145
     149
     150
     140
     140
     129
     174
     147
     160
     139
     152
     152
     130
     156
     154
     134
     123
     136
     159
     142
     153
     168
     149
     125
     128
     130
     142
     139
     148
     123
     121
     151
     138
     120
     138
     128
     132
     135
     148
      91
     119
     134
     129
     131
     130
     127
     141
     120
     111
     110
     122
     125
     114
     126
     134
     137
     133
     136
     123
     112
     135
     117
     119
     106
     124
     107
     111
     108
     102
     116
     117
     115
     118
     119
     106
     102
     119
     116
     129
     143
     112
      90
      96
     122
     126
      98
     116
      97
     108
     137
     106
     117
     107
      93
     109
     107
     132
     105
     124
     106
      94
     110
     132
     131
      99
     118
      95
     120
     104
      92
      87
     125
     103
     104
     123
     112
      98
     113
      95
     105
      94
      86
     101
     123
     100
     107
      90
     120
     105
     104
      93
     126
     102
      98
      83
     103
     109
     111
      82
     113
     111
     106
     111
      95
     100
      94
      97
     117
      89
     127
      94
     101
     105
     123
     100
     108
     104
      79
     102
     106
      85
      95
      94
      88
     114
      95
      88
     101
      93
     106
      84
      98
      96
      80
      99
      96
     100
      89
      94
      95
      94
      99
      90
      93
     105
     106
     124
      89
      96
     115
     106
     105
      85
     100
      84
      90
      98
      91
     108
     102
     101
     103
     106
      95
      94
      96
      78
      91
     107
      92
      77
      97
      88
      99
     106
      97
      81
     103
      95
      86
      89
      86
      87
      86
      92
      82
      91
      72
      81
     122
      90
      85
      92
     101
      89
      91
      87
      91
     118
      88
      89
      87
      84
      69
      90
      91
      85
     102
      99
     104
      87
      90
      88
     127
      95
      87
      87
     106
      93
      71
      82
      80
      97
      87
      85
      88
      70
      83
      66
      93
      91
      79
      94
      86
      86
      88
      86
      68
      64
      88
      83
      81
      73
      89
      83
      88
      94
      87
      82
      83
      77
      74
      93
      81
      69
      74
     101
     100
      79
      83
      91
      80
      90
      88
      96
      87
      73
     112
      82
      90
      83
      70
      90
      78
      95
      85
      79
      95
      86
      83
      93
      73
      80
      85
      90
      96
      81
      80
      83
      80
      76
      85
      95
      72
      76
      92
      82
      81
      82
     101
      78
      68
      68
      88
      84
      87
      82
      86
      79
      69
      84
      85
      93
      90
      82
      98
      75
      76
      84
      60
      85
      84
      80
      92
      88
      84
      94
      78
      94
      87
      88
      79
      85
      77
      96
      82
      87
      89
      66
      90
     104
      84
      77
      78
      75
      85
      88
      71
      87
      78
      89
      79
      64
      94
      89
      71
      89
      72
      78
      75
     103
      91
      75
      86
      78
      96
      93
     100
      89
      83
      71
      77
      79
      99
      91
      75
      94
      73
      87
      90
     100
      98
      93
      73
      85
      96
      79
      90
      97
     120
      89
      95
     102
      85
      77
      98
     108
     101
      83
      83
      83
      96
      89
      81
      88
      84
      94
      93
      72
      93
      78
      72
     101
      95
      61
      91
      94
      91
     111
      88
     127
     103
      86
      86
     100
     117
     113
     119
     103
     113
     143
     132
     109
     137
     110
     126
      95
     118
     101
     126
     104
     118
      83
     113
      90
     104
      94
     102
      87
     102
     110
     103
      97
     110
     101
      80
      97
     108
      94
      90
     108
      82
      98
      96
     101
      98
     101
      78
     114
      96
      78
     108
     106
      99
      91
     111
     108
     106
     112
      97
     105
     124
      94
     110
     110
      88
      87
     104
     104
     110
     104
      95
      91
     113
     112
      82
      95
      94
     115
     106
      96
     119
     131
     124
      90
     124
     110
     112
     116
     103
     109
     125
     102
     109
     127
     117
     110
     107
     134
     128
     132
     126
     109
     121
     123
     119
     134
     134
     113
     152
     114
     143
     135
     150
     169
     165
     188
     177
     219
     239
     223
     201
     209
     232
     222
     234
     201
     213
     204
     186
     205
     192
     163
     165
     164
     168
     197
     194
     207
     238
     263
     297
     259
     297
     328
     303
     337
     306
     282
     273
     262
     264
     235
     187
     186
     181
     181
     149
     142
     124
     150
     107
     118
     117
     128
     122
     121
     133
     124
     114
     139
     129
     114
     118
     106
     129
     110
     134
     129
     119
     108
     123
     112
     114
     124
     110
     118
     119
     144
     117
     124
     115
     112
     127
     115
     114
     102
     115
     121
      98
     116
     126
     128
     123
     148
     136
     141
     139
     142
     161
     167
     153
     149
     140
     152
     129
     131
     152
     135
     153
     148
     128
     115
     121
     120
     124
     126
     123
     118
     139
     111
     136
     119
     155
     162
     148
     154
     163
     179
     185
     196
     178
     161
     204
     214
     191
     224
     181
     202
     188
     189
     176
     150
     145
     131
     131
     118
     119
     121
     114
     139
     108
     124
     140
     121
     149
     150
     156
     148
     133
     143
     143
     139
     134
     132
     127
     142
     127
     110
     115
     143
     125
     123
     129
     122
     143
     163
     168
     165
     200
     214
     231
     225
     247
     276
     255
     242
     226
     249
     238
     233
     212
     202
     185
     173
     164
     169
     145
     151
     147
     131
     144
     146
     146
     129
     104
     115
     144
     124
     132
     127
     131
     106
     125
     113
     109
      80
     110
     104
     115
      87
     118
      96
      93
      92
     100
     106
      96
     103
     106
     120
     127
     121
     100
     137
     117
     100
     113
     106
     130
     129
     144
     121
     119
     131
     128
     124
     127
     114
     102
     109
     123
     102
      88
     105
     105
      87
     101
      91
     105
      96
      94
     117
     106
     102
     106
      94
     101
      92
      98
      85
     103
      90
      93
     108
     111
     108
     109
      84
     102
     109
      99
     114
      94
     100
      92
     109
      87
      85
     105
      94
     100
      91
      84
      99
     101
      75
      86
      95
      90
     107
      90
      92
     114
      98
      93
     107
      99
      94
     100
     109
      85
      88
     108
     109
     110
     104
      97
     106
     101
     113
      93
      95
     111
      90
     103
     115
     107
     109
      87
      98
      93
      94
      99
     104
     100
     106
     116
     102
     100
     107
     119
     115
      93
      93
     102
     107
     117
     111
     104
      82
     103
     105
     112
     102
     112
     109
      99
     112
     122
     125
     110
      99
     103
     106
     123
     131
     121
     135
     105
      96
     116
     104
     106
     122
     116
     115
     116
     108
     115
     105
     123
     119
     109
     130
     104
     107
      96
      97
     103
     112
      87
     118
     100
      95
     104
     112
     112
     100
      88
     100
      94
     103
     121
     114
      90
     101
     107
      87
      92
      90
      85
     103
      93
     114
      85
      90
      96
     127
     101
     100
      95
      99
     102
     109
      80
     109
     129
      79
      87
      93
     101
      94
     102
      96
     102
      86
      97
      86
      91
      98
      92
     102
      96
      91
      97
      90
     102
      98
      97
      83
      84
      90
      96
     105
     114
      89
      87
     111
      86
     113
      82
     106
      86
     109
     109
      86
      95
     102
     118
      93
      98
     112
     108
     113
     104
      97
      91
      99
      81
      89
     110
     107
      91
     115
     124
     105
      98
     107
      84
     108
      98
      97
      82
      91
      79
      92
     114
      96
      94
      91
     113
     109
     102
     126
     105
      98
     103
      97
     102
     108
     110
     109
      91
     100
      94
      94
      95
     106
     102
     103
     118
      89
      96
      93
     110
     108
     102
      98
      88
     103
      99
      96
      97
     100
     103
      92
      86
     116
     104
      93
     114
      90
     106
      93
      93
     120
      86
     119
     115
     102
      87
     112
      87
     112
      84
     111
      88
     111
     108
     104
     107
      92
      86
      97
     109
      91
     104
      94
     106
      82
      83
     118
     118
      80
     110
     119
     103
      94
     112
      99
      95
     107
     100
      83
     103
      90
      98
      90
     108
      93
      93
      96
     112
     108
     108
     104
     111
     105
     104
      98
     104
      96
      94
     111
     124
     114
     105
      83
      96
     121
     123
      89
      80
     108
     106
     100
     102
      98
      91
     104
      72
      97
     102
     118
      92
      82
     122
     113
     114
      90
      98
     109
     117
     115
      84
     107
      98
      94
     104
     104
     110
     105
      94
     114
     114
     100
     116
      95
     106
     113
     106
     122
     105
     112
     114
      91
      84
     104
     103
     100
     101
      96
     102
     108
     118
     126
     111
      96
     108
     100
     102
     123
     110
     123
     100
     129
     118
     122
     133
     129
     129
     132
     146
     129
     136
     116
     119
     118
     126
     117
     117
     110
     108
     103
      93
     110
     116
      96
      93
     104
     100
      90
      92
      96
     100
     102
      93
      99
     109
     123
      97
      86
     105
     109
     116
      91
     105
     100
     113
      93
      83
      99
      89
      95
     113
      94
     106
     117
     102
     109
     108
     108
     102
     122
     109
     123
     105
      89
      94
     110
      99
     101
     111
      85
      92
     100
     102
     119
     101
     105
     120
     102
     107
      98
      96
     110
     123
     106
     110
     114
     105
      96
      99
      99
     120
     115
     100
      94
     102
     107
     112
     116
     107
     104
      95
     111
     119
     118
     111
     125
      93
     118
     105
     125
     112
     120
      86
      99
      98
     113
     117
     112
     104
     110
     108
     105
     106
      92
     101
     106
      99
     102
      96
      98
      97
     101
      91
      99
     115
      97
      94
      90
      89
     113
      91
      93
     109
      92
      99
     101
     105
      87
      92
     122
      86
     108
     106
     104
     108
      98
      87
      97
      83
     105
      75
      96
      99
      85
     107
      93
     104
     124
      86
      91
      91
      95
      90
      95
      93
      87
     103
      84
      96
      89
     109
      94
      92
      91
      90
      96
     102
     120
      90
     102
      90
     103
      95
      93
      96
     121
     103
     113
     115
     104
      96
      95
      98
      95
     100
      82
      90
      85
      98
      92
     100
      91
      85
      82
      88
      95
      83
      95
     102
     102
      88
      87
      87
     100
      86
      73
      91
      90
     100
      80
      96
     106
      73
      98
      75
      85
      92
      90
      90
      82
      91
      82
      86
      88
     102
     115
     109
      77
     100
     113
      93
      97
      76
      74
     102
      83
      91
      94
      85
      88
      80
     101
      87
     103
     102
      83
      94
      88
      94
      95
      71
      86
      88
      92
      98
      99
     108
      99
      95
     102
      91
      94
      77
      77
      80
     100
      81
      69
      74
      72
      94
      83
      90
      79
      97
      84
      80
      91
      91
     103
      98
      91
      98
      85
      96
      87
     103
      82
      82
     106
      94
      76
      75
      88
      86
     107
      92
      93
      91
      96
      73
      88
      77
      74
      92
      89
      94
      79
      87
     110
     101
      74
      98
     100
      85
      94
      74
      91
      98
      86
     109
      85
      95
      89
      86
      76
      98
     104
     100
      95
      96
      76
     111
      83
      79
     104
      77
      89
      88
      94
      96
      89
     100
      98
      75
      79
     100
      81
     107
      77
      88
     101
      97
      97
      85
      94
      97
      86
      90
      80
      97
      79
      99
      81
      92
      90
      90
      89
      99
      93
     105
      87
     101
      75
      79
      99
      93
      82
      94
     104
      98
     101
     119
     109
     143
     164
     189
     218
     183
     225
     278
     273
     286
     318
     347
     322
     309
     322
     294
     296
     266
     267
     234
     195
     177
     188
     130
     131
     106
     128
     107
      86
      94
      98
      89
      90
      78
      86
      95
      78
      71
      57
      94
      84
      78
      74
      81
      81
      77
      97
      78
      91
      73
      88
      90
      73
      73
      76
      85
      89
      75
      83
      72
      93
      76
      94
      78
      72
      78
      89
      65
      91
      58
      79
      84
      78
      83
      78
      76
      77
      75
      72
      80
     102
     105
     102
      73
      82
      78
      72
      92
      92
      77
      90
      81
      83
      81
      88
      82
      87
      87
      64
      73
     103
      86
      68
      83
      73
      86
      81
      83
      79
      75
      70
      78
      81
      73
      87
      80
      72
      89
      77
      83
      78
      80
      80
      71
      78
      65
      85
      60
      83
      83
      85
      81
      92
      83
      85
      60
      84
      66
      80
      87
      80
      74
      89
      65
      90
      77
      78
      80
      80
      70
      68
      72
      95
      71
      58
      58
      78
      86
      63
     102
      67
      63
      69
      77
      91
      84
      85
      87
      83
      95
      64
      80
      71
      70
      83
      70
      83
      84
      78
      70
      86
      71
      78
      73
      70
      82
      70
      79
      69
      67
      79
      89
      83
      93
      78
      87
      86
      70
      91
      92
      83
      69
      87
      70
      75
      64
      96
      78
      77
      67
      62
      72
      70
      67
      70
      75
      66
      75
      70
      72
      62
      80
      71
      58
      60
      75
      74
      89
      81
      59
      70
      68
      70
      49
      74
      69
      72
      69
      72
      67
      69
      72
      73
      73
      75
      60
      53
      66
      78
      71
      81
      56
      78
      60
      68
      65
      72
      62
      54
      46
      61
      61
      67
      58
      55
      74
      78
      75
      68
      52
      60
      79
      53
      72
      75
      62
      92
      58
      55
      72
      76
      71
      76
      64
      69
      68
      61
      66
      80
      69
      74
      69
      63
      73
      70
      72
      65
      55
      84
      61
      66
      55
      59
      62
      72
      54
      76
      56
      77
      75
      81
      49
      82
      69
      60
      58
      78
      54
      65
      63
      63
      73
      71
      66
      56
      70
      67
      65
      62
      63
      61
      84
      72
      79
      85
      69
      65
      62
      79
      58
      65
      55
      60
      77
      54
      70
      53
      75
      64
      68
      62
      63
      74
      55
      58
      64
      70
      56
      68
      72
      52
      71
      60
      64
      42
      62
      58
      73
      68
      60
      55
      66
      59
      63
      62
      49
      63
      61
      61
      69
      70
      60
      58
      60
      81
      79
      50
      60
      74
      75
      46
      57
      72
      73
      77
      55
      80
      65
      65
      56
      53
      57
      69
      73
      64
      69
      71
      71
      63
      66
      68
      66
      58
      65
      58
      57
      49
      53
      62
      49
      42
      63
      71
      76
      64
      70
      65
      71
      48
      74
      64
      74
      47
      64
      46
      51
      60
      55
      60
      51
      51
      80
      55
      64
      67
      55
      53
      64
      48
      72
      63
      66
      56
      52
      61
      53
      66
      69
      59
      74
      65
      51
      53
      70
      68
      54
      48
      73
      56
      58
      68
      62
      49
      52
      50
      54
      65
      54
      50
      64
      50
      68
      73
      61
      79
      64
      69
      71
      65
      62
      70
      67
      65
      75
      80
      91
      63
      63
      73
      74
      73
      86
      67
      59
      73
      70
      68
      61
      59
      68
      51
      62
      76
      49
      61
      57
      59
      67
      55
      77
      60
      56
      55
      71
      58
      72
      69
      57
      62
      52
      78
      56
      55
      53
      71
      65
      62
      71
      55
      65
      70
      70
      85
      90
     120
     124
     129
     170
     203
     209
     252
     289
     275
     281
     328
     310
     280
     275
     283
     251
     250
     210
     189
     161
     161
     129
     111
     100
      79
      80
      80
      70
      52
      73
      52
      54
      47
      54
      45
      64
      41
      42
      59
      51
      40
      48
      51
      50
      55
      49
      47
      54
      44
      47
      46
      49
      62
      47
      46
      49
      45
      57
      50
      43
      38
      54
      37
      47
      56
      53
      41
      44
      49
      44
      53
      53
      42
      52
      61
      50
      43
      49
      48
      50
      45
      54
      46
      43
      52
      58
      59
      52
      57
      56
      54
      48
      54
      47
      51
      48
      54
      50
      54
      52
      51
      44
      51
      60
      42
      50
      47
      49
      63
      54
      47
      56
      57
      44
      53
      46
      58
      55
      54
      44
      54
      56
      59
      55
      45
      51
      44
      60
      39
      62
      72
      52
      54
      40
      66
      56
      37
      45
      45
      48
      57
      54
      48
      60
      59
      55
      53
      51
      68
      60
      53
      56
      52
      55
      63
      64
      46
      55
      52
      62
      61
      56
      50
      59
      48
      59
      54
      54
      68
      61
      56
      64
      55
      71
      64
      70
      60
      62
      59
      66
      67
      69
      60
      53
      47
      72
      38
      53
      47
      38
      43
      46
      47
      48
      56
      55
      57
      33
      55
      43
      62
      47
      41
      64
      38
      53
      45
      41
      45
      45
      55
      36
      40
      50
      47
      49
      49
      48
      39
      49
      53
      53
      56
      38
      47
      50
      53
      56
      54
      49
      50
      54
      45
      52
      36
      51
      44
      45
      38
      40
      37
      48
      45
      50
      50
      48
      38
      46
      44
      50
      47
      43
      40
      45
      46
      40
      46
      41
      49
      57
      42
      67
      48
      45
      48
      37
      59
      51
      61
      49
      65
      62
      77
      52
      61
      71
      75
      53
      63
      61
      66
      49
      61
      46
      57
      58
      62
      55
      69
      59
      55
      59
      52
      52
      63
      67
      65
      58
      62
      56
      45
      64
      50
      60
      58
      53
      57
      52
      49
      62
      56
      47
      57
      48
      47
      53
      60
      43
      59
      45
      52
      57
      46
      41
      70
      54
      67
      63
      61
      68
      63
      55
      46
      54
      55
      50
      62
      50
      44
      42
      53
      54
      36
      55
      46
      33
      39
      43
      46
      40
      44
      47
      51
      53
      42
      45
      41
      43
      48
      49
      37
      44
      46
      34
      44
      44
      50
      45
      41
      48
      52
      42
      52
      40
      43
      33
      49
      47
      39
      34
      38
      32
      54
      31
      41
      48
      51
      39
      57
      46
      45
      49
      43
      34
      43
      57
      54
      35
      44
      37
      45
      47
      45
      39
      47
      34
      53
      44
      39
      50
      50
      45
      50
      60
      38
      56
      54
      49
      52
      63
      47
      51
      42
      31
      51
      57
      49
      39
      41
      49
      36
      59
      46
      33
      55
      39
      38
      40
      42
      38
      48
      37
      47
      40
      40
      31
      45
      43
      24
      41
      37
      42
      49
      50
      37
      36
      51
      42
      42
      45
      45
      38
      58
      42
      43
      47
      40
      46
      48
      41
      45
      40
      44
      45
      47
      38
      38
      40
      29
      54
      31
      33
      47
      41
      51
      39
      43
      34
      55
      47
      45
      59
      41
      43
      48
      52
      42
      39
      42
      53
      39
      43
      51
      41
      48
      45
      39
      59
      48
      59
      67
      75
      94
     121
     117
     149
     161
     198
     258
     286
     335
     339
     427
     497
     482
     530
     559
     536
     548
     501
     455
     460
     413
     377
     281
     285
     216
     197
     162
     116
     102
     100
      87
      65
      61
      50
      52
      43
      37
      48
      35
      52
      30
      34
      34
      43
      34
      48
      38
      45
      34
      34
      41
      29
      41
      46
      41
      38
      47
      41
      28
      47
      37
      32
      52
      41
      57
      42
      37
      33
      36
      28
      47
      47
      36
      31
      31
      34
      33
      30
      47
      37
      38
      43
      28
      45
      39
      46
      43
      47
      35
      42
      37
      33
      35
      45
      51
      30
      26
      42
      47
      40
      39
      29
      38
      42
      45
      37
      45
      38
      37
      37
      35
      25
      37
      39
      38
      37
      42
      36
      47
      30
      31
      26
      34
      32
      44
      39
      37
      38
      31
      36
      46
      45
      36
      40
      44
      38
      36
      27
      36
      23
      33
      29
      32
      37
      28
      38
      35
      35
      34
      26
      45
      46
      27
      39
      30
      35
      37
      43
      34
      39
      33
      29
      42
      26
      38
      39
      28
      42
      47
      42
      41
      47
      41
      31
      43
      33
      44
      30
      33
      35
      31
      38
      33
      39
      34
      37
      44
      46
      31
      39
      42
      29
      40
      30
      35
      31
      40
      36
      43
      33
      40
      33
      27
      33
      26
      29
      44
      34
      32
      25
      36
      43
      38
      32
      32
      29
      38
      42
      40
      38
      37
      31
      41
      34
      51
      27
      31
      37
      34
      38
      40
      36
      37
      30
      26
      31
      40
      30
      34
      39
      32
      35
      34
      38
      26
      40
      33
      28
      29
      36
      26
      29
      35
      37
      35
      30
      30
      23
      38
      42
      35
      45
      20
      30
      41
      34
      40
      32
      34
      34
      39
      37
      30
      36
      32
      30
      25
      48
      36
      39
      35
      39
      38
      29
      32
      41
      45
      29
      32
      42
      46
      37
      47
      34
      40
      34
      37
      38
      42
      41
      27
      38
      30
      38
      33
      30
      29
      31
      37
      42
      32
      37
      34
      28
      40
      32
      44
      38
      32
      32
      34
      26
      29
      40
      40
      45
      30
      29
      32
      32
      29
      46
      36
      32
      32
      37
      22
      31
      25
      36
      28
      30
      38
      35
      51
      39
      36
      33
      48
      37
      30
      40
      44
      36
      30
      34
      29
      37
      31
      39
      37
      29
      39
      38
      33
      32
      34
      26
      40
      38
      31
      39
      39
      34
      26
      37
      37
      37
      33
      41
      40
      27
      24
      32
      38
      31
      42
      31
      42
      39
      42
      38
      36
      35
      23
      38
      40
      24
      33
      31
      35
      42
      30
      31
      30
      39
      34
      28
      29
      37
      30
      27
      36
      28
      24
      27
      28
      33
      31
      30
      40
      21
      36
      30
      31
      33
      41
      33
      38
      35
      30
      34
      34
      39
      40
      30
      40
      31
      40
      28
      36
      41
      23
      36
      36
      35
      27
      25
      41
      38
      31
      33
      35
      27
      36
      31
      41
      32
      26
      29
      44
      34
      36
      33
      26
      27
      24
      25
      34
      38
      22
      20
      26
      42
      30
      31
      38
      39
      30
      44
      37
      32
      36
      39
      37
      27
      31
      32
      33
      35
      28
      30
      26
      30
      35
      35
      33
      22
      31
      29
      35
      32
      40
      33
      30
      24
      28
      38
      36
      30
      28
      32
      26
      34
      34
      32
      36
      36
      36
      31
      34
      34
      35
      30
      37
      31
      34
      30
      29
      28
      40
      42
      40
      41
      39
      35
      33
      43
      38
      42
      38
      50
      42
      62
      55
      79
     102
      85
     106
     137
     154
     178
     246
     263
     321
     380
     441
     487
     581
     699
     691
     753
     753
     794
     794
     785
     757
     738
     649
     619
     537
     508
     393
     378
     331
     243
     224
     177
     132
     118
      97
      92
      71
      59
      51
      38
      32
      28
      28
      26
      23
      27
      19
      30
      26
      25
      32
      27
      31
      33
      21
      32
      35
      16
      30
      32
      38
      24
      26
      34
      22
      27
      39
      22
      13
      26
      27
      24
      16
      19
      28
      23
      26
      29
      18
      35
      22
      29
      18
      25
      26
      19
      36
      16
      16
      20
      20
      21
      26
      19
      22
      15
      32
      28
      27
      23
      22
      31
      20
      24
      24
      23
      26
      21
      28
      40
      28
      34
      21
      32
      22
      19
      30
      24
      24
      27
      26
      20
      28
      32
      26
      23
      30
      21
      14
      26
      18
      18
      21
      36
      31
      24
      30
      24
      26
      16
      30
      25
      32
      33
      24
      23
      29
      23
      23
      24
      23
      23
      35
      27
      31
      20
      27
      23
      24
      19
      33
      25
      22
      28
      25
      26
      31
      25
      27
      31
      17
      24
      20
      19
      24
      29
      15
      17
      18
      28
      27
      15
      21
      26
      22
      23
      31
      21
      19
      28
      29
      24
      37
      24
      29
      23
      26
      23
      29
      22
      12
      16
      29
      23
      27
      26
      29
      19
      22
      23
      29
      28
      28
      30
      22
      38
      19
      21
      21
      21
      24
      19
      29
      16
      31
      23
      23
      32
      23
      23
      16
      25
      22
      23
      27
      37
      28
      19
      19
      22
      29
      25
      22
      15
      35
      16
      21
      23
      21
      22
      27
      21
      18
      29
      26
      28
      29
      27
      32
      27
      21
      26
      27
      23
      30
      26
      23
      21
      23
      14
      21
      29
      22
      31
      32
      21
      20
      23
      35
      29
      36
      21
      31
      22
      18
      27
      27
      29
      26
      19
      25
      24
      35
      21
      31
      18
      27
      26
      19
      21
      18
      19
      30
      20
      29
      27
      18
      24
      29
      26
      24
      27
      17
      23
      21
      25
      32
      24
      24
      26
      20
      19
      24
      28
      25
      19
      22
      24
      17
      26
      27
      21
      27
      18
      26
      28
      20
      20
      22
      25
      28
      26
      21
      23
      30
      27
      34
      37
      28
      29
      27
      31
      22
      32
      45
      29
      40
      31
      34
      30
      30
      25
      30
      25
      26
      24
      26
      36
      46
      27
      26
      32
      19
      41
      37
      37
      41
      26
      31
      24
      29
      31
      25
      29
      28
      28
      26
      36
      27
      27
      30
      19
      30
      25
      14
      32
      21
      25
      34
      26
      25
      21
      20
      24
      29
      21
      24
      28
      22
      17
      21
      27
      24
      22
      31
      28
      31
      25
      23
      20
      23
      33
      28
      20
      32
      22
      26
      36
      23
      28
      25
      20
      29
      33
      30
      21
      14
      25
      28
      28
      16
      26
      18
      27
      36
      23
      23
      26
      24
      18
      25
      24
      27
      29
      27
      24
      20
      19
      18
      25
      27
      31
      22
      28
      39
      33
      30
      25
      23
      25
      14
      27
      34
      22
      18
      22
      23
      26
      35
      18
      20
      26
      36
      26
      24
      23
      22
      28
      28
      32
      27
      23
      25
      29
      28
      25
      22
      32
      36
      41
      31
      36
      28
      31
      41
      19
      32
      21
      25
      22
      39
      29
      19
      30
      23
      30
      27
      26
      30
      19
      26
      26
      37
      23
      35
      20
      22
      33
      26
      29
      30
      35
      41
      35
      41
      33
      44
      37
      41
      36
      30
      27
      39
      29
      25
      34
      17
      32
      26
      26
      23
      30
      31
      18
      35
      21
      25
      34
      24
      25
      20
      25
      25
      29
      11
      31
      14
      35
      22
      31
      35
      23
      20
      28
      24
      19
      15
      26
      22
      22
      25
      28
      24
      19
      20
      27
      18
      30
      27
      15
      32
      30
      24
      28
      17
      22
      21
      17
      20
      22
      19
      29
      24
      25
      18
      28
      30
      27
      35
      23
      29
      27
      24
      28
      16
      30
      28
      27
      36
      28
      35
      24
      22
      26
      26
      27
      28
      18
      18
      18
      27
      28
      31
      30
      23
      30
      26
      21
      26
      27
      18
      23
      23
      26
      16
      25
      20
      22
      27
      25
      30
      21
      19
      28
      20
      26
      24
      26
      35
      34
      26
      24
      26
      33
      32
      23
      30
      30
      21
      24
      20
      21
      19
      27
      17
      19
      28
      35
      20
      30
      17
      32
      31
      21
      28
      27
      33
      18
      20
      30
      23
      21
      24
      37
      20
      25
      24
      30
      20
      27
      22
      27
      21
      24
      25
      35
      20
      30
      23
      24
      23
      23
      18
      32
      32
      31
      25
      23
      25
      32
      24
      27
      22
      24
      19
      32
      20
      21
      35
      27
      26
      27
      24
      29
      21
      22
      32
      16
      33
      29
      27
      19
      24
      29
      20
      28
      20
      32
      26
      25
      24
      30
      24
      35
      27
      19
      32
      26
      27
      19
      21
      28
      24
      17
      22
      21
      19
      25
      23
      19
      22
      23
      16
      22
      19
      19
      19
      18
      17
      17
      21
      25
      22
      18
      19
      28
      19
      26
      19
      18
      24
      19
      19
      22
      16
      24
      26
      21
      26
      14
      21
      15
      21
      21
      26
      21
      25
      22
      24
      25
      22
      18
      17
      20
      16
      14
      18
      16
      23
      19
      19
      20
      20
      25
      16
      19
      21
      21
      21
      22
      22
      20
      15
      13
      22
      19
      23
      11
      16
      29
      19
      20
      19
      21
      18
      25
      21
      10
      19
      24
      11
      25
      23
      27
      25
      25
      24
      16
      16
       8
      21
      23
      21
      15
      23
      16
      18
      21
      17
      18
      17
      19
      18
      25
      19
      18
      22
      20
      15
      20
      18
      13
      13
      23
      28
      21
      25
      16
      20
      18
      23
      20
      15
      15
      16
      22
      22
      18
      14
      19
      18
      14
      22
      25
      19
      18
      16
      20
      25
      21
      20
      23
      25
      15
      18
      20
      21
      13
      20
      15
      15
      24
      27
      22
      30
      23
      22
      15
      24
      13
      12
      20
      18
      14
      10
      17
      21
      24
      17
      20
      13
      20
       7
      16
      13
      17
      17
      25
      15
      20
      16
      17
      28
      16
      21
      15
      18
      18
      19
      17
      20
      14
      15
      18
      19
      20
      26
      17
      26
      13
      17
      21
      16
      12
      27
      19
      23
      15
      14
      13
      14
      19
      22
      16
      22
      17
      20
      19
      15
      20
      22
      22
      12
      25
      21
      17
      17
      16
      10
      19
      19
      12
      16
      23
      11
      22
      15
      17
      20
      16
      24
      24
      16
      11
      23
      18
      27
      15
      27
      28
      21
      14
      17
      17
      22
      17
      22
      13
      19
      25
      19
      18
      12
      10
      14
      20
      10
      19
      21
      23
      19
      19
      23
      12
      16
      10
      20
      18
      19
      11
       9
      15
       9
      19
      15
      19
      18
      11
      18
      13
      17
      20
      17
      20
      19
      17
      11
      10
      19
      14
       8
      17
      11
      15
      16
      18
      15
      17
      14
      21
      14
      20
      18
      14
      21
      22
      17
      18
      20
      15
      18
      21
      22
      20
      19
      15
      26
      22
      19
      15
      17
      22
      18
      13
      14
      18
      11
      13
      13
      15
      12
      12
      16
      16
      24
      12
      18
       4
      21
      20
      16
      22
      15
      19
      14
      14
      17
      14
      20
      16
      10
      19
      18
      24
      14
      15
      19
      13
      12
      21
      13
      13
      18
      14
      17
      20
      14
      17
      18
      28
      22
      17
      24
      17
      13
      19
      15
      17
      20
      14
      23
      20
      18
      17
      20
      15
      18
      20
      15
      13
      17
      16
      21
      14
      12
      15
      19
      24
      13
      10
      15
      19
      17
      13
      10
      18
      16
      14
      17
      22
      11
      13
      13
      11
      11
      19
      15
      12
      22
      14
      18
      22
      22
      14
      10
      15
      16
      19
      14
      12
      18
      12
      14
      11
      17
      19
      18
      15
      11
      16
      19
      14
      11
      15
      16
      15
      15
      19
      10
      14
      14
      17
      14
      11
      16
      14
      13
      14
      14
      13
      19
      13
      16
      15
      24
      16
       7
      15
      10
      20
      15
      12
      14
      19
      20
      17
      16
      19
      21
      26
      13
      20
      18
      25
      23
      27
      14
      20
      17
      14
      26
      13
      13
      17
      20
      13
      27
      16
      18
      12
      15
       8
      13
      16
      17
      14
      17
      12
      18
      10
      10
      18
      21
      11
      12
      12
      21
      12
      11
      11
      20
       8
      13
      11
       8
      10
      16
      11
      11
      15
      12
      19
      14
      13
      24
      14
      16
      14
      13
      20
      16
       9
      12
       9
      20
      25
      15
      15
      17
      12
      23
      18
      16
      17
      19
      17
      20
      17
      12
      24
      23
      22
      18
      19
      16
      13
      18
      14
      16
      19
      16
       9
      19
      14
      12
       8
      20
      16
      12
      14
      11
      17
      12
      16
      15
      17
      10
      13
      12
      10
       6
       7
      13
       9
      12
       6
      13
      13
      11
      14
      12
      19
       7
       7
      17
       9
      18
      18
      13
      15
      19
      22
      15
      15
      16
      18
      16
      23
      15
      12
       9
      18
      18
      12
       9
      15
      10
      16
      15
      16
      14
      20
      18
      18
      11
      20
       9
      18
      16
      15
      21
      16
      17
      13
       9
      12
      14
      18
      17
      10
      12
      17
      18
      15
       7
      14
      12
      12
      16
      12
      14
      11
       7
      18
      14
      18
      17
      11
      19
      11
       6
      13
      18
       9
      11
      10
      10
      19
      16
      22
       8
      18
      13
      11
      23
      15
       8
      14
      18
      16
      12
      12
       6
       7
      16
      20
      10
      16
      16
       9
      13
       8
      10
      13
      15
      15
      13
       9
       8
      13
      13
      15
      16
      14
      15
       8
      17
      14
      11
      18
      13
      10
      12
      15
      11
      11
       8
      14
      13
      17
      11
      12
       9
      13
       9
      18
      17
       9
      13
      14
      10
      15
      15
       8
      18
      11
      19
      11
      14
       5
      15
      18
      18
       9
      19
       7
      11
      11
      14
      16
      11
      16
      17
      22
      16
      19
      16
      19
      23
      17
      14
      21
      18
      22
      17
      17
      16
      16
      17
      23
      13
      19
      15
      24
      20
      15
      17
      13
      11
      16
      10
      22
      10
      16
      16
      13
      16
      20
      22
       9
      16
      16
      17
      13
      16
       8
      12
      13
      14
      14
      16
       7
      10
      13
       7
      10
      20
       8
      16
       8
      15
      14
      10
      10
      10
      17
      14
      11
      12
       6
       7
      13
      12
      14
      13
       8
      13
      16
       9
       8
      14
      19
      16
      18
      16
      12
      11
      10
      11
       9
      17
      11
      21
       6
      17
      12
      16
      11
      16
      11
      15
      12
      11
       9
      14
      15
      11
      12
      13
      11
      12
      10
      11
      14
      15
       9
      10
      14
      17
      11
      15
      17
      16
      17
       5
       9
      13
      21
      12
      10
       8
      15
      18
      11
      10
      15
      13
      18
      10
       8
      13
       9
      13
      12
      13
      11
      11
      16
      15
      20
      15
      10
      15
       8
      14
      11
      15
      11
      12
      10
      14
       8
      16
      10
      14
      18
      15
       9
       8
      12
      18
      11
      10
      14
       9
      11
      11
       7
      10
       9
       9
      12
      11
      16
      11
      13
      18
       9
      13
      15
      11
      10
      18
       9
      14
      10
      14
      13
      10
      10
      15
      10
       6
      11
      12
       6
       9
      15
      11
      11
      19
      16
       6
      22
      18
      10
      14
       7
       6
      14
       8
       8
      16
      14
       6
      11
      20
      14
      20
      18
      11
      14
      13
      20
      11
       8
      18
      15
      10
      18
      14
      11
      20
      12
      13
      21
      17
      13
      11
      12
      12
      10
      12
      12
      10
      14
      13
      12
      10
      14
       8
       4
      21
      15
      16
      15
       9
      14
      12
      17
      15
      19
      12
      12
      13
      17
       4
       9
      17
       7
      17
      12
      12
      10
      14
      15
      24
      10
      11
      11
      11
      15
      15
      17
      13
      11
      15
      13
      12
       8
      12
       3
      13
      11
      15
      17
      16
       9
       8
      11
      14
      16
      19
      10
      19
      10
      18
      10
       7
      15
      12
      12
      10
      11
      17
      13
      19
       9
      13
      14
      15
      13
      11
      15
      18
      18
       9
      19
      15
      13
      16
      12
       8
       5
      10
      16
      13
      12
      19
       9
      10
       7
      15
      11
       6
      13
      12
       6
       6
      11
      14
      10
      10
       5
      15
      12
       9
      13
      13
       8
       4
      13
      14
      13
      14
      23
      11
       8
      11
      14
       8
       9
      10
      14
      12
       9
      11
      13
      12
      15
      16
      16
       7
      12
       7
       9
       9
      11
      14
       7
      11
      14
      11
      12
       9
       8
       5
      14
      14
       6
      13
      13
       7
      18
      12
      10
      16
      11
      20
      11
      12
      11
       9
      19
      11
      10
       7
       7
       9
      10
       7
      18
      11
      15
      11
      16
      16
      16
      15
      16
      15
      20
      10
      10
      15
      10
      20
      10
      10
      13
       5
       9
      10
      11
       9
       7
      11
      12
      18
      12
       9
      17
      16
      11
      14
      12
      15
      11
       8
      15
      12
      14
       7
      14
      12
      11
      15
      12
      13
      14
      12
      14
       8
      14
      14
      19
       5
       4
      12
      17
      10
       9
      16
      14
      11
      19
      10
      12
      10
      14
       8
      10
      14
      12
      14
      11
      13
      14
      12
       9
       9
      13
       9
      17
      17
      10
       9
      10
      16
      10
      11
      11
      12
      14
      12
       8
      12
      16
      15
      22
      10
       9
      15
       8
      17
      10
      15
      13
       9
      11
      10
      16
      18
       8
      10
      10
      15
      13
       5
      11
      12
      14
       9
      14
       6
      11
      11
      10
      16
      10
      12
       9
       8
      12
      11
      14
      12
      10
      16
       9
      10
      21
      11
      19
       9
      12
       9
       9
       6
      12
      10
      14
      15
      13
       6
       6
      18
      15
      16
      11
      12
      11
       8
       8
       7
      10
      11
       8
      11
      15
      14
      13
      11
      18
      18
       9
      15
      14
      11
      16
       8
      15
       6
      12
      13
      11
      12
      16
      12
      13
      16
      11
      12
       8
      12
      14
      13
      12
       9
      14
      11
      10
      13
      20
      15
      10
      13
      18
       9
      11
      16
      10
       8
      10
       8
      10
      10
      17
      12
       6
      12
      12
      10
      16
      15
       9
      10
      10
      12
      11
      11
      16
       9
      11
      11
      10
       8
      12
      12
      14
      13
      16
      11
      10
      12
      11
      12
      16
      12
       5
      12
      17
      17
      15
      16
      15
      14
      12
      14
      10
      12
      14
      10
      21
      15
      12
      17
      13
      20
      14
       7
      10
      10
      16
      11
       7
      14
      13
      12
       6
      10
      13
      18
      11
       9
      12
      10
      11
      11
      10
      13
      10
      11
       8
      17
      10
      10
       8
       7
       7
      16
      11
      13
       9
       3
      11
       9
      14
      13
      14
      12
       9
      11
      14
       7
       4
      13
       8
      11
       7
      10
       9
      11
      11
      12
      17
      12
      13
       8
      11
      10
       7
      11
       9
      11
      12
      12
      11
      10
      12
      16
      10
      10
       5
      10
      13
      10
       7
      12
      13
      15
      21
      10
       7
      12
      13
       8
       8
      16
      10
      10
      10
      10
       9
       8
       8
       7
       7
      15
      14
       9
      13
      11
      12
      14
       5
       8
       7
      18
       9
       6
      13
      16
      10
      12
      11
       9
      11
      12
      10
       9
      13
       6
      13
      14
      11
      18
       7
       9
      10
      12
       6
       9
       8
       6
      10
      15
       9
       7
      18
       4
      11
      11
       9
       9
      10
       9
      10
       9
      14
      12
      14
      10
       8
       9
       9
       9
       8
      10
      16
      10
       6
      17
      17
      14
       8
      13
       9
       7
      18
      10
       4
       8
      13
      16
       9
       5
       9
       9
       9
      15
      13
       8
       5
      18
      10
      12
      12
       9
      11
      12
      12
      16
       9
      13
       4
       8
      12
       6
       9
      11
       6
       9
       7
      10
      11
       7
      11
      10
       6
      10
      14
      13
       6
      10
       7
       9
      12
      15
      10
      11
      11
      12
      14
      11
      15
      16
      10
      14
      18
      18
       6
       8
      10
      18
      14
      17
      14
      19
      11
      14
      20
      15
      22
      26
      30
      32
      41
      45
      50
      53
      44
      74
      81
     108
     103
     141
     149
     174
     191
     218
     281
     300
     309
     324
     381
     376
     435
     441
     413
     429
     407
     445
     409
     459
     427
     414
     401
     350
     308
     294
     251
     198
     199
     183
     149
     125
     108
      90
      77
      61
      47
      29
      33
      19
      19
      15
      13
      14
      10
       8
       9
       9
      10
       8
       9
       7
       7
       6
       7
       8
      17
       5
      11
       5
       5
       9
       6
       7
       5
      11
       9
       8
      10
       5
       9
      10
       4
       7
      11
       6
       5
      15
      10
       9
       5
      10
       9
       8
      10
       6
      14
      12
      13
       6
      11
       9
       3
      10
       6
       8
      14
       9
      12
       8
       9
       9
      15
      13
       8
       8
       8
       6
      10
       7
       5
       9
       7
       7
       8
      13
       5
       4
       7
       5
       7
       8
       8
       9
       6
      10
       6
      10
      12
       8
       4
       7
       8
      13
       6
       6
       5
       9
       8
       7
      13
       9
       5
       4
       6
       7
       4
       7
       6
      13
      11
       4
       7
       4
      12
       7
       9
       6
       7
       8
       8
       9
       9
       7
       6
       5
      11
       7
       5
       8
       8
      13
       7
       7
       8
       8
      10
       5
      10
       7
       4
       9
      12
      13
       7
       5
       4
       5
       7
      11
       4
       8
       7
       5
       7
       6
      10
      11
       8
       8
       7
       2
       9
       9
       4
      11
       6
       6
       8
       5
      12
       4
       6
       7
      11
       8
       8
       8
      10
       7
       7
      12
       8
       9
       9
       4
       8
      10
       8
       8
       5
       8
       8
      12
       3
       6
       9
      13
       8
      13
       5
       5
      16
       9
       7
      10
       9
       7
       8
       6
      11
      10
       8
      11
       6
       6
       5
       8
       7
       3
       8
       7
       8
      12
       6
      10
       4
       8
       8
       6
      12
       9
      10
       8
       6
       6
      10
      13
      15
       9
      10
      11
       5
       8
       6
       9
      11
      10
       4
      16
       7
       8
       8
       9
       9
       9
      13
       6
       7
      11
       4
       7
      11
      11
       5
       4
       6
      10
       8
      10
       8
       5
       5
      12
       6
       8
       8
       5
      10
       8
       8
      16
       8
      11
       7
      12
       6
       7
       8
       7
       7
      11
       5
      12
       5
      13
       9
       4
      12
       6
       4
       8
       5
       1
      10
       8
       6
       5
       9
       7
       8
       8
       6
       4
       6
       6
       6
       6
       9
       9
       8
       4
       6
       5
       6
       6
      14
       8
       3
       6
      10
       7
       9
       7
       6
       5
       9
      10
       4
       7
      10
      13
       5
       8
      12
       9
      12
       3
       8
       6
       5
       6
      11
      10
       7
       7
      10
       7
       7
       6
      16
       7
       8
       9
       8
       6
       4
       9
      10
       8
      11
       8
       6
       9
       2
       7
      10
       3
       4
       3
       6
       8
       5
       6
       8
      14
       9
       3
       7
       7
      14
       7
       4
       6
       6
       7
      10
       6
      10
      13
       3
       7
       9
       3
       6
      10
       8
       5
      11
       7
       9
       9
      11
       4
       6
       8
       6
       8
       7
       7
       2
      10
      14
       7
      11
       4
      10
       7
       4
       8
       7
       8
       5
      12
       5
       7
       7
       8
       7
       9
       9
       6
      10
       4
       5
       7
       8
       4
       9
       4
       4
       6
      11
       7
       6
       7
       6
       8
      11
       4
       6
      10
       9
       6
       8
       6
       8
       7
       9
       7
      11
       7
       5
       8
       7
       6
       8
       6
       9
       5
       9
       9
      11
      12
      11
       6
       5
       6
       5
       6
       8
      11
       8
       7
       6
       8
       6
      10
       8
       7
       6
       7
       8
       8
      15
      10
      14
      13
      16
      18
      21
      11
      10
      21
      21
      19
      18
      21
      16
      19
      19
      23
      22
      20
      15
      23
      10
      10
      13
      15
      16
       9
      14
      15
      12
      10
       6
      10
       6
      10
       8
       7
       5
      11
       8
       3
       6
      10
      10
       6
      10
       3
       8
      10
       6
       8
       8
      10
      12
       5
       7
       5
       6
       9
       8
       7
       3
      10
       9
       7
       6
       5
       8
      12
      10
      11
      11
       5
       9
       7
      10
       7
       5
      10
       5
       9
      10
       8
      11
       4
       9
       7
       6
       6
       9
      11
      13
       9
       5
       4
       6
       9
       5
       8
       6
       6
       6
      10
      12
       4
       4
       6
       7
       7
      11
       6
       8
       5
       4
       4
       5
       8
       7
       6
       9
       9
      10
       5
      12
       7
       6
      14
      11
      12
      14
       6
       1
       9
       6
       6
       7
      10
      10
       5
       9
       9
       6
       5
       7
       6
       7
      11
      11
       3
       5
       5
       6
       9
      10
       7
       7
       7
       3
       5
       7
       9
       7
       6
       8
      10
      11
       7
       4
       8
       6
       4
       4
       9
       5
       8
      10
       8
       9
       8
       9
       7
       8
       9
      10
      14
       7
       6
      12
       3
      11
      13
       4
       7
       3
      12
      10
       7
       6
       7
      12
       5
       9
       5
       9
       8
       9
       5
       6
      13
      10
       5
       7
       8
       8
       9
      11
      11
       5
       8
       9
       6
       7
       6
       9
       6
       7
       6
       6
      10
      10
       8
      13
       5
      12
       5
      12
       7
       9
       9
      11
       9
       8
       7
       5
      10
      10
      11
      10
       5
       9
       6
       7
       6
       6
       6
       4
       3
       5
       9
       7
       6
       8
      11
      11
       6
       4
       6
      14
      13
       6
       5
      10
       8
       9
       4
      13
       8
       8
       9
       6
      10
       6
       6
       7
       5
      10
       6
       5
       6
       7
       6
       9
       5
      11
       4
       8
       4
      13
       6
       5
       6
       4
       9
       4
       4
       6
       7
       8
       8
       8
       5
      10
      10
       2
       6
      12
       7
       8
       9
       6
       7
       5
       3
      13
       6
       7
       9
      11
       5
      12
       9
       9
       8
       9
       5
      14
      17
      12
       7
      13
      10
       9
       9
       9
       7
       9
       9
       5
      10
       7
      10
       9
       7
      15
       6
       7
      11
      10
      13
       4
      10
       8
       7
       9
       7
       8
       6
       4
       7
      11
      10
      13
       8
       7
      14
      14
       6
      14
      13
       7
      12
      15
      17
      11
      13
       9
      13
      14
      16
      10
       5
       8
       7
       8
       6
       7
       9
       9
       7
       6
      11
      14
       8
       7
      12
      11
       6
       8
      10
      10
       5
       9
       4
       9
       9
       9
       5
       8
      11
      12
       8
       6
      12
       9
       5
       6
       7
       5
       9
       6
       7
       7
       9
       8
       4
       6
      12
       3
       3
      22
      11
       7
       6
       5
       6
       4
      11
       6
       9
       7
       8
       9
       9
       8
       8
       3
       6
       4
      15
       7
      14
      10
      11
       8
       6
       8
      11
      10
       8
       7
       8
       8
       7
       7
      12
       8
       3
       9
      10
       6
       6
       6
      11
       8
       8
       6
       8
      10
       7
       7
       8
       7
       7
       8
       7
       7
       8
       8
       7
      10
       9
       6
       5
       7
       2
       8
       5
       8
       8
       3
       4
       7
       6
       5
       8
       8
       5
       6
      12
       8
      10
       6
      12
       4
       8
       6
      13
       7
       4
      13
      11
       8
       9
      18
       7
      15
       7
       9
      12
      15
      13
      11
      14
      15
       9
       9
       8
      10
       7
       8
      15
       8
      11
      14
       8
      13
       7
      10
       9
       8
       9
      12
      14
      10
       6
       9
       6
      10
      12
      10
       8
       7
       6
       3
      12
      12
       7
       4
      11
       9
       3
       7
      12
       8
       8
       5
       9
       9
       7
       3
       2
       8
       7
       6
      11
       5
       7
       5
       8
       7
       4
      10
       8
       9
       9
       9
       8
      10
       9
       4
      10
       9
       9
       6
       9
       7
       5
       9
       5
       6
      11
      10
       6
       4
      10
       9
      10
      11
       6
       8
       5
       8
       8
       7
       7
       5
       5
       6
       9
       6
       6
       5
       7
       5
       6
       8
       9
       5
       4
       6
       8
       7
       6
       9
       2
       8
       6
       7
       6
      12
       7
      10
       6
      12
      10
       5
       5
       8
       8
      14
       8
       9
       5
       5
       6
       6
       7
       5
       9
       3
      10
       8
       9
      10
      11
       6
      12
       7
       7
       5
      10
       9
       4
       7
       9
       6
       4
       9
       8
       5
       6
       5
       1
       8
       8
       8
       5
       7
       8
       9
       8
       5
       3
      11
       8
       3
       3
       9
       5
       7
       7
       1
       3
       3
       9
       9
       6
      10
      11
       8
       6
       4
       6
       9
       8
      16
       7
      18
      10
      12
       6
      10
       8
      11
       8
       8
       7
      12
      10
      12
       7
      10
      10
       7
      18
       8
      11
      11
       9
      14
      12
       4
      14
      12
      12
       6
      14
      12
       6
      13
       5
       9
       9
       8
       4
       3
       9
      16
       9
       7
      14
       7
      10
       7
       7
       7
       1
       6
       9
      11
       7
       7
      13
      11
       6
       5
      12
       5
       4
      10
       5
       7
       7
       7
       1
       8
       5
       8
       7
       6
       6
       4
       8
       5
      14
      10
       7
       7
       8
       7
       8
       2
      10
      10
      11
      10
       8
       7
       7
       6
       8
       4
       5
       5
       8
       7
       8
      12
       8
      10
       8
       7
      15
       3
       7
      14
       6
       5
       5
       8
       9
       7
       9
       2
      13
      11
       4
       7
      10
      11
       2
       7
       9
       6
       8
       6
       8
       9
       7
       5
       4
      11
       4
       6
      10
       4
       4
       7
       9
       6
       6
      10
      10
      12
       4
       3
       6
       8
       7
       5
       6
       9
      11
       9
      11
       7
       7
       9
      10
       5
      11
      10
       4
       7
      10
       7
       4
       9
      10
       4
       7
       9
       5
       6
      12
       9
      11
       9
       3
      11
       6
       4
      10
      12
       8
      11
       5
       7
       7
       9
       8
       8
       7
       4
       5
       6
       8
       5
       5
       9
       9
       9
       7
       4
       6
       7
       8
       2
       7
       7
      11
       6
       5
      10
       6
       7
       3
       5
       5
      11
       7
      10
       9
       6
       7
       9
       4
       7
       5
      12
       7
       9
       7
       7
      10
       3
       3
       7
       7
       5
       8
      11
       7
      14
       8
       9
      16
      17
       9
       9
      19
      14
      15
      19
      27
      21
      15
      21
      31
      19
      26
      30
      30
      46
      19
      39
      38
      46
      34
      35
      31
      37
      32
      40
      38
      40
      28
      37
      35
      36
      31
      30
      32
      25
      24
      23
      15
      17
      16
      11
      12
       7
      13
      10
      11
      10
      11
       5
       7
      11
      12
      13
       9
       2
       8
       6
      10
       7
       8
       5
      10
      10
       7
      12
       6
      10
       8
       5
       7
       7
       6
       4
      11
       8
       8
       5
       7
       8
       6
      10
       4
       3
       6
       9
       5
       7
       8
       9
       8
       9
       3
       8
       7
       6
       6
       8
      10
       5
       9
       9
       8
       9
      11
       6
       6
       8
       6
       9
       6
       5
       9
       5
      13
       2
       4
       4
       6
       9
       7
       4
       9
       5
       6
       2
       8
       6
      13
       5
       6
       4
       6
       4
       9
       6
      10
       8
      13
       9
       6
      10
       9
       9
       2
       4
      12
       8
      13
       8
      10
       6
       6
       6
       3
       7
       7
       5
      11
       9
       9
       7
       9
       9
       6
       5
       6
      10
       3
      11
       7
      12
       8
       5
       8
      12
      10
      12
      10
      10
       9
      14
      10
       8
       9
      10
      11
       9
      13
      16
      15
      18
      12
      17
      16
      15
       8
      15
      11
      19
      16
      18
      19
       9
      12
       8
      15
       7
       9
       9
      12
      12
       6
       7
       7
       6
       4
       9
       7
      12
       8
       6
       5
       8
       6
       4
       7
       4
       3
       3
      10
       7
       6
       6
       8
       3
       9
       7
       7
       9
       9
       7
       6
       8
       9
       8
       4
      11
       9
       2
       3
       7
       7
       9
      12
       2
       5
       6
      11
       6
       7
       5
       8
       3
       5
       9
       8
       6
       9
       7
       5
       5
       8
       8
       7
      11
       8
       5
       6
       4
       7
       4
       3
       4
       6
      11
       6
       5
       5
       7
       7
      10
       4
       5
       9
       5
       8
       3
       8
       3
       5
       7
       7
       5
       4
      12
      11
       9
       7
       2
       6
       6
       5
       8
       5
       8
       9
       8
       7
       9
       7
       3
       6
       6
       8
       7
       6
       4
       5
       5
       5
       8
       5
       6
       4
       5
      14
      12
       5
      11
       7
       6
       4
      10
       3
       3
       8
       8
       8
      12
       4
       7
       6
       5
       7
       2
       8
      11
      10
       8
       6
       5
       8
       3
      10
       3
       4
       3
       5
       5
      11
      12
      10
       5
       7
      11
      12
      10
      10
      11
      11
       9
      18
      17
      16
      10
      21
      15
      25
      17
      18
      24
      16
      13
      15
      13
      13
      12
      11
      16
      11
      13
      10
      13
      12
       8
      13
       8
      10
      12
      14
      10
       7
       5
       5
       7
       4
       8
       7
       6
       5
       5
       6
       9
       6
       5
       7
       3
      14
       5
       7
       7
       8
       8
       9
       8
       4
       5
       6
       5
       6
      12
       7
       7
      12
       6
      10
       5
       3
      13
      10
       6
       2
      10
       7
       8
       8
       2
       6
       4
       6
       5
       8
       4
       9
       7
       4
       8
       9
       6
       1
       5
       4
       9
      11
       4
      10
       7
      12
       5
       4
       5
      10
      13
       9
       8
      11
       7
       8
       5
       6
       6
       5
       8
       7
       5
      12
       6
       6
       6
       3
       5
       7
       4
       5
      11
       4
       5
       8
       4
       8
       9
       7
       5
       4
       4
       7
       8
       6
       4
       4
       7
       9
       7
       7
       9
       5
       4
       5
       8
       7
       5
       9
      13
      11
       9
       6
       7
       9
      10
      11
       4
       6
       7
      10
       8
       5
       9
       8
       3
       6
       9
       6
       9
       8
       7
       6
      11
       9
       7
       5
       4
      13
       7
       3
      10
       8
      11
       7
       7
       6
      10
       9
      11
       7
       4
       7
      13
       4
      12
      82
     138
     153
     133
     155
     174
     163
     171
     168
     161
     159
     155
     146
     144
     173
     149
     122
     147
     160
     152
     153
     169
     141
     182
     161
     158
     155
     138
     135
     154
     170
     154
     151
     134
     142
     157
     155
     154
     167
     147
     164
     152
     139
     153
     163
     157
     167
     163
     157
     151
     145
     149
     132
     168
     162
     149
     157
     166
     171
     152
     180
     162
     151
     164
     160
     161
     158
     155
     156
     161
     173
     160
     166
     150
     149
     142
     138
     161
     157
     150
     156
     173
     166
     162
     158
     143
     142
     168
     159
     150
     149
     141
     150
     139
     168
     137
     134
     127
     165
     140
     171
     169
     149
     147
     136
     141
     142
     123
     144
     135
     135
     156
     158
     133
     141
     153
     162
     154
     155
     172
     157
     151
     144
     138
     155
     126
     150
     151
     155
     162
     166
     139
     148
     167
     161
     138
     143
     154
     142
     153
     143
     134
     133
     125
     135
     144
     153
     136
     143
     146
     122
     131
     149
     147
     160
     160
     143
     158
     160
     152
     154
     130
     127
     171
     147
     151
     156
     139
     163
     136
     136
     136
     120
     131
     141
     154
     155
     139
     139
     141
     161
     173
     128
     140
      86
# $ROI:
# 0
# $PRESETS:
# None
# 0
# 0
# $ENER_FIT:
# 0.000000 0.000000
# $MCA_CAL:
# 3
# 0.000000E+000 0.000000E+000 0.000000E+000 
# $SHAPE_CAL:
# 3
# 0.000000E+000 0.000000E+000 0.000000E+000
# 
# $SPEC_ID:
# No sample description was entered.
# $SPEC_REM:
# DET# 1
# DETDESC# PHYSPRAK2 926
# AP# Maestro Version 7.01
# $DATE_MEA:
# 11/06/2024 13:43:10
# $MEAS_TIM:
# 3582 3636
# $DATA:
# 0 8191